 XF =   0.000 - XG =   0.000
 YF =   0.000 - YG =   0.000
 ZF =  -0.032 - ZG =   0.000
 Displacement =  0.3025998E-02
 Waterplane area =  0.5933550E-01
