 XF =   0.000 - XG =   0.000
 YF =   0.000 - YG =   0.000
 ZF =  -1.747 - ZG =   0.000
 Displacement =  0.1519223E+03
 Waterplane area =  0.4295071E+02
