 XF =   0.000 - XG =   0.000
 YF =   0.000 - YG =   0.000
 ZF =  -0.929 - ZG =   0.000
 Displacement =  0.5886774E+02
 Waterplane area =  0.4295071E+02
