 XF =   0.000 - XG =   0.000
 YF =   0.000 - YG =   0.000
 ZF =  -4.004 - ZG =   0.000
 Displacement =  0.2106011E+03
 Waterplane area =  0.1129451E+01
