 XF =   0.000 - XG =   0.000
 YF =   0.000 - YG =   0.000
 ZF =  -0.375 - ZG =   0.000
 Displacement =  0.5082538E+01
 Waterplane area =  0.1016507E+02
