 XF =   0.000 - XG =   0.000
 YF =   0.000 - YG =   0.000
 ZF =  -0.075 - ZG =   0.000
 Displacement =  0.9856716E-02
 Waterplane area =  0.6532903E-01
