 XF =   0.000 - XG =   0.000
 YF =   0.000 - YG =   0.000
 ZF =  -1.292 - ZG =   0.000
 Displacement =  0.1053948E+03
 Waterplane area =  0.5019805E+02
