 XF =   0.000 - XG =   0.000
 YF =   0.000 - YG =   0.000
 ZF =  -0.010 - ZG =   0.000
 Displacement =  0.4010883E-03
 Waterplane area =  0.2611100E-01
