 XF =   0.000 - XG =   0.000
 YF =   0.000 - YG =   0.000
 ZF =  -1.103 - ZG =   0.000
 Displacement =  0.8122502E+02
 Waterplane area =  0.4650379E+02
