 XF =   0.000 - XG =   0.000
 YF =   0.000 - YG =   0.000
 ZF =  -0.625 - ZG =   0.000
 Displacement =  0.2353028E+02
 Waterplane area =  0.2823639E+02
