 XF =   0.000 - XG =   0.000
 YF =   0.000 - YG =   0.000
 ZF =  -0.085 - ZG =   0.000
 Displacement =  0.1104376E-01
 Waterplane area =  0.5933550E-01
