 XF =   0.000 - XG =   0.000
 YF =   0.000 - YG =   0.000
 ZF =  -0.047 - ZG =   0.000
 Displacement =  0.5631550E-02
 Waterplane area =  0.6938164E-01
