 XF =   0.000 - XG =   0.000
 YF =   0.000 - YG =   0.000
 ZF =  -0.250 - ZG =   0.000
 Displacement =  0.1505940E+01
 Waterplane area =  0.4517827E+01
