 XF =   0.000 - XG =   0.000
 YF =   0.000 - YG =   0.000
 ZF =  -0.003 - ZG =   0.000
 Displacement =  0.3034795E-04
 Waterplane area =  0.9104377E-02
