 XF =   0.000 - XG =   0.000
 YF =   0.000 - YG =   0.000
 ZF =  -0.024 - ZG =   0.000
 Displacement =  0.1975123E-02
 Waterplane area =  0.5100653E-01
