 XF =   0.000 - XG =   0.000
 YF =   0.000 - YG =   0.000
 ZF =  -2.021 - ZG =   0.000
 Displacement =  0.1714298E+03
 Waterplane area =  0.3520921E+02
