 XF =   0.000 - XG =   0.000
 YF =   0.000 - YG =   0.000
 ZF =  -0.500 - ZG =   0.000
 Displacement =  0.1204752E+02
 Waterplane area =  0.1807133E+02
