 XF =   0.000 - XG =   0.000
 YF =   0.000 - YG =   0.000
 ZF =  -2.682 - ZG =   0.000
 Displacement =  0.1987427E+03
 Waterplane area =  0.1807133E+02
