 XF =   0.000 - XG =   0.000
 YF =   0.000 - YG =   0.000
 ZF =  -0.056 - ZG =   0.000
 Displacement =  0.7034876E-02
 Waterplane area =  0.7063740E-01
