 XF =   0.000 - XG =   0.000
 YF =   0.000 - YG =   0.000
 ZF =  -3.527 - ZG =   0.000
 Displacement =  0.2092838E+03
 Waterplane area =  0.4517831E+01
