 XF =   0.000 - XG =   0.000
 YF =   0.000 - YG =   0.000
 ZF =  -0.124 - ZG =   0.000
 Displacement =  0.1369441E-01
 Waterplane area =  0.2542948E-01
