 XF =   0.000 - XG =   0.000
 YF =   0.000 - YG =   0.000
 ZF =  -0.065 - ZG =   0.000
 Displacement =  0.8438212E-02
 Waterplane area =  0.6938164E-01
