 XF =   0.000 - XG =   0.000
 YF =   0.000 - YG =   0.000
 ZF =  -3.083 - ZG =   0.000
 Displacement =  0.2057072E+03
 Waterplane area =  0.1016507E+02
