 XF =   0.000 - XG =   0.000
 YF =   0.000 - YG =   0.000
 ZF =  -0.769 - ZG =   0.000
 Displacement =  0.3935965E+02
 Waterplane area =  0.3520922E+02
