 XF =   0.000 - XG =   0.000
 YF =   0.000 - YG =   0.000
 ZF =  -0.125 - ZG =   0.000
 Displacement =  0.1882426E+00
 Waterplane area =  0.1129455E+01
