 XF =   0.000 - XG =   0.000
 YF =   0.000 - YG =   0.000
 ZF =  -0.096 - ZG =   0.000
 Displacement =  0.1209465E-01
 Waterplane area =  0.5100652E-01
