 XF =   0.000 - XG =   0.000
 YF =   0.000 - YG =   0.000
 ZF =  -0.017 - ZG =   0.000
 Displacement =  0.1023928E-02
 Waterplane area =  0.3924299E-01
