 XF =   0.000 - XG =   0.000
 YF =   0.000 - YG =   0.000
 ZF =  -0.139 - ZG =   0.000
 Displacement =  0.1402994E-01
 Waterplane area =  0.9827643E-02
