 XF =   0.000 - XG =   0.000
 YF =   0.000 - YG =   0.000
 ZF =  -0.109 - ZG =   0.000
 Displacement =  0.1304582E-01
 Waterplane area =  0.3924298E-01
