 XF =   0.000 - XG =   0.000
 YF =   0.000 - YG =   0.000
 ZF =  -0.040 - ZG =   0.000
 Displacement =  0.4344222E-02
 Waterplane area =  0.6583250E-01
