 XF =   0.000 - XG =   0.000
 YF =   0.000 - YG =   0.000
 ZF =  -2.330 - ZG =   0.000
 Displacement =  0.1872596E+03
 Waterplane area =  0.2823638E+02
